1 0.04 470
2 0.04 200
3 0.041 30
4 0.043 590
5 0.044 500
6 0.045 250
7 0.045 540
8 0.045 400
9 0.045 10
10 0.046 140
11 0.047 740
12 0.048 220
13 0.047 190
14 0.048 1830
15 0.048 520
16 0.048 930
17 0.048 410
18 0.048 1470
19 0.047 500
20 0.048 970
21 0.047 2000
22 0.048 360
23 0.048 70
24 0.048 340
25 0.047 1840
26 0.047 3000
27 0.047 1350
28 0.046 800
29 0.045 1180
30 0.044 2000
31 0.043 2380
32 0.042 10
33 0.043 1160
34 0.042 50
35 0.043 1410
36 0.044 120
37 0.043 1450
38 0.044 120
39 0.043 600
40 0.043 200
41 0.043 3100
42 0.042 10
43 0.043 100
44 0.042 200
45 0.042 20
46 0.043 1420
47 0.042 300
48 0.043 600
49 0.042 1000
50 0.043 30
51 0.042 2050
52 0.043 290
53 0.043 70
54 0.042 1090
55 0.042 100
56 0.042 530
57 0.042 260
58 0.042 500
59 0.041 100
60 0.042 3070
61 0.043 200
62 0.043 2000
63 0.043 2400
64 0.044 10
65 0.042 150
66 0.044 10
67 0.043 1960
68 0.042 1900
69 0.043 510
70 0.044 10
71 0.043 2510
72 0.044 910
73 0.043 460
74 0.043 2000
75 0.043 2620
76 0.044 2490
77 0.044 230
78 0.044 10
79 0.044 2010
80 0.044 270
81 0.044 260
82 0.044 140
83 0.044 100
84 0.043 2130
85 0.043 2080
86 0.042 1430
87 0.043 120
88 0.042 1930
89 0.042 940
90 0.042 1190
91 0.041 2330
92 0.041 3000
93 0.041 780
94 0.041 2000
95 0.041 400
96 0.041 1430
97 0.04 30
98 0.04 30
99 0.04 970
100 0.04 500
101 0.04 240
102 0.04 100
103 0.04 2350
104 0.04 2150
105 0.04 1000
106 0.039 50
107 0.04 100
108 0.04 2250
109 0.04 690
110 0.039 10
111 0.04 50
112 0.041 1070
113 0.042 510
114 0.041 1400
115 0.04 4550
116 0.04 120
117 0.039 890
118 0.039 200
119 0.039 300
120 0.038 200
121 0.038 590
122 0.038 80
123 0.038 4820
124 0.038 300
125 0.037 100
126 0.038 1020
127 0.038 290
128 0.038 10
129 0.038 240
130 0.038 1840
131 0.038 2670
132 0.038 630
133 0.039 1010
134 0.038 100
135 0.039 300
136 0.038 1450
137 0.038 200
138 0.038 420
139 0.038 1130
140 0.038 240
141 0.039 180
142 0.039 150
143 0.039 1240
144 0.039 1000
145 0.04 3910
146 0.04 300
147 0.04 700
148 0.04 4140
149 0.04 1720
150 0.04 3250
151 0.04 100
152 0.04 4000
153 0.04 250
154 0.04 300
155 0.04 1190
156 0.04 3600
157 0.04 2050
158 0.039 1700
159 0.039 950
160 0.039 620
161 0.039 150
162 0.039 380
163 0.039 1210
164 0.039 2100
165 0.04 140
166 0.039 4000
167 0.04 1000
168 0.039 50
169 0.04 1150
170 0.039 20
171 0.04 300
172 0.04 200
173 0.04 300
174 0.039 30
175 0.039 60
176 0.039 160
177 0.039 590
178 0.039 120
179 0.04 1510
180 0.039 1680
181 0.039 10
182 0.039 1080
183 0.038 1100
184 0.037 2740
185 0.036 200
186 0.036 400
187 0.036 1090
188 0.035 100
189 0.036 2930
190 0.037 6360
191 0.038 260
192 0.038 150
193 0.037 330
194 0.038 1960
195 0.039 100
196 0.039 900
197 0.038 500
198 0.039 120
199 0.038 500
200 0.038 140
201 0.038 350
202 0.039 720
203 0.038 1250
204 0.037 4250
205 0.036 3530
206 0.035 600
207 0.034 480
208 0.035 50
209 0.034 3380
210 0.033 1680
211 0.032 20
212 0.034 330
213 0.033 90
214 0.033 1510
215 0.032 1790
216 0.031 2510
217 0.03 2140
218 0.029 500
219 0.028 600
220 0.029 150
221 0.03 400
222 0.029 450
223 0.027 500
224 0.026 600
225 0.025 50
226 0.028 500
227 0.026 100
228 0.027 1000
229 0.026 900
230 0.025 940
231 0.024 500
232 0.022 50
233 0.021 400
234 0.02 10
235 0.026 20
236 0.027 40
237 0.026 500
238 0.025 500
239 0.024 500
240 0.026 80
241 0.025 350
242 0.028 900
243 0.027 600
244 0.028 750
245 0.027 1100
246 0.026 300
247 0.025 50
248 0.024 60
249 0.023 300
250 0.024 2300
251 0.025 4880
252 0.024 100
253 0.025 1520
254 0.024 80
255 0.025 1040
256 0.026 620
257 0.025 700
258 0.024 200
259 0.025 250
260 0.024 10
261 0.025 860
262 0.024 1090
263 0.025 100
264 0.024 30
265 0.025 2400
266 0.025 1000
267 0.025 220
268 0.026 1200
269 0.027 3200
270 0.027 10
271 0.027 370
272 0.028 10
273 0.027 400
274 0.028 20
275 0.027 450
276 0.026 2670
277 0.027 20
278 0.026 830
279 0.027 10
280 0.026 200
281 0.027 1560
282 0.027 270
283 0.027 250
284 0.028 20
285 0.027 100
286 0.028 10
287 0.027 300
288 0.028 40
289 0.027 50
290 0.028 900
291 0.027 100
292 0.028 290
293 0.027 50
294 0.027 1670
295 0.027 2470
296 0.026 1100
297 0.025 3450
298 0.025 1000
299 0.025 1470
300 0.025 100
301 0.024 200
302 0.024 610
303 0.023 610
304 0.022 200
305 0.021 40
306 0.02 1770
307 0.023 100
308 0.021 10
309 0.023 190
310 0.024 500
311 0.025 100
312 0.024 700
313 0.023 1000
314 0.024 1500
315 0.023 500
316 0.024 1200
317 0.025 2040
318 0.026 300
319 0.026 100
320 0.026 1150
321 0.026 1240
322 0.026 250
323 0.027 230
324 0.026 100
325 0.027 1290
326 0.027 130
327 0.027 100
328 0.027 1000
329 0.027 100
330 0.027 60
331 0.027 10
332 0.027 470
333 0.028 120
334 0.027 1200
335 0.027 1140
336 0.027 4140
337 0.026 2120
338 0.027 500
339 0.026 520
340 0.027 1000
341 0.026 150
342 0.026 170
343 0.026 600
344 0.026 100
345 0.026 2920
346 0.026 50
347 0.026 210
348 0.025 1720
349 0.025 100
350 0.025 840
351 0.025 3850
352 0.025 310
353 0.025 1000
354 0.025 500
355 0.026 670
356 0.026 20
357 0.026 1270
358 0.027 900
359 0.026 350
360 0.026 300
361 0.027 1110
362 0.027 930
363 0.027 10
364 0.027 7060
365 0.027 2770
366 0.027 10
367 0.028 80
368 0.028 60
369 0.028 1020
370 0.028 20
371 0.028 3530
372 0.028 100
373 0.029 900
374 0.03 10
375 0.029 700
376 0.03 500
377 0.029 100
378 0.03 10
379 0.029 580
380 0.029 1050
381 0.029 6590
382 0.028 7000
383 0.028 500
384 0.028 630
385 0.028 500
386 0.027 4600
387 0.027 100
388 0.026 300
389 0.026 100
390 0.026 250
391 0.025 2220
392 0.026 50
393 0.025 670
394 0.026 350
395 0.025 660
396 0.026 900
397 0.025 10
398 0.026 20
399 0.027 30
400 0.026 300
401 0.026 30
402 0.026 260
403 0.027 1430
404 0.026 630
405 0.025 1400
406 0.026 1110
407 0.026 30
408 0.026 1300
409 0.025 2750
410 0.024 170
411 0.023 80
412 0.024 10
413 0.023 20
414 0.023 690
415 0.023 310
416 0.022 50
417 0.021 450
418 0.02 520
419 0.022 3040
420 0.022 30
421 0.023 170
422 0.022 3730
423 0.022 110
424 0.022 4340
425 0.021 100
426 0.022 400
427 0.021 300
428 0.022 430
429 0.022 10
430 0.022 260
431 0.02 500
432 0.02 100
433 0.02 890
434 0.02 100
435 0.019 150
436 0.018 290
437 0.019 1000
438 0.018 270
439 0.018 30
440 0.018 200
441 0.016 500
442 0.015 580
443 0.017 2570
444 0.018 190
445 0.017 100
446 0.018 1760
447 0.017 1000
448 0.018 1000
449 0.017 300
450 0.018 50
451 0.017 300
452 0.017 100
453 0.017 740
454 0.017 50
455 0.017 2140
456 0.016 1860
457 0.017 110
458 0.016 500
459 0.016 10
460 0.016 50
461 0.016 150
462 0.016 220
463 0.015 10
464 0.016 30
465 0.015 2360
466 0.013 150
467 0.014 300
468 0.015 100
469 0.014 60
470 0.015 50
471 0.014 890
472 0.013 300
473 0.014 2190
474 0.013 2450
475 0.014 200
476 0.013 690
477 0.013 160
478 0.012 1050
479 0.013 100
480 0.012 500
481 0.012 150
482 0.012 2000
483 0.013 180
484 0.012 40
485 0.013 1100
486 0.012 250
487 0.013 1000
488 0.012 190
489 0.013 1020
490 0.012 120
491 0.012 90
492 0.012 1000
493 0.013 200
494 0.012 100
495 0.013 50
496 0.012 2670
497 0.012 10
498 0.013 20
499 0.013 10
500 0.012 2590
501 0.012 100
502 0.012 200
503 0.011 100
504 0.011 2090
505 0.012 100
506 0.011 5080
507 0.01 2220
508 0.011 450
509 0.01 220
510 0.01 540
511 0.011 50
512 0.01 1410
513 0.011 800
514 0.012 5000
515 0.011 300
516 0.012 210
517 0.013 1300
518 0.012 1200
519 0.013 500
520 0.012 10
521 0.013 5060
522 0.013 300
523 0.013 500
524 0.013 730
525 0.013 600
526 0.014 3800
527 0.015 410
528 0.016 190
529 0.015 1260
530 0.014 110
531 0.014 100
532 0.015 1200
533 0.014 10
534 0.015 390
535 0.015 150
536 0.015 2760
537 0.014 300
538 0.015 1200
539 0.014 10
540 0.015 3600
541 0.014 2010
542 0.015 380
543 0.014 7460
544 0.014 3100
545 0.013 1410
546 0.014 1760
547 0.015 3530
548 0.015 350
549 0.016 120
550 0.015 20
551 0.015 1430
552 0.016 20
553 0.015 460
554 0.015 100
555 0.015 1580
556 0.015 450
557 0.015 230
558 0.014 160
559 0.015 1000
560 0.015 650
561 0.015 130
562 0.015 320
563 0.014 5000
564 0.014 130
565 0.013 5000
566 0.013 120
567 0.013 1400
568 0.012 200
569 0.012 30
570 0.012 140
571 0.013 560
572 0.011 2120
573 0.01 6020
574 0.01 980
575 0.011 500
576 0.01 5140
577 0.01 450
578 0.01 1200
579 0.011 40
580 0.011 230
581 0.011 190
582 0.012 10
583 0.011 1080
